bash-4.4$ ./alexnet train -batchsize 40 -epochs 10
batch size: 40 
epochs: 10 


>>>>>>>>>>>>>>>>>>>>>>>>>>> training begin >>>>>>>>>>>>>>>>>>>>>>>>>>>>>>
-----------------------------1---------------------------------
forward_alexnet duration: 4.4984s 
pred[ 5 5 5 5 5 5 5 5 5 5 5 5 5 5 5 5 5 5 5 5 5 5 5 5 5 5 5 5 5 5 5 5 5 5 5 5 5 5 5 5 ]  label[ 9 2 0 7 4 3 1 2 7 0 2 8 4 5 7 7 7 9 1 8 2 8 2 6 0 6 6 5 4 9 2 0 9 8 8 4 8 5 7 3 ]
accuracy: 0.0750
cross entropy loss on batch data is 2.834076 
backward_alexnet duration: 1.6278s 
-----------------------------1---------------------------------
-----------------------------2---------------------------------
forward_alexnet duration: 4.2384s 
pred[ 5 5 5 5 5 5 5 5 5 5 5 5 5 5 5 5 5 5 5 5 5 5 5 5 5 5 5 5 5 5 5 5 5 5 5 5 5 5 5 5 ]  label[ 6 3 4 0 2 4 3 6 6 1 1 7 2 9 1 6 4 9 1 5 1 1 5 4 0 1 2 3 3 6 6 7 1 6 5 4 9 0 0 5 ]
accuracy: 0.1000
cross entropy loss on batch data is 2.591918 
backward_alexnet duration: 1.4719s 
-----------------------------2---------------------------------
-----------------------------3---------------------------------
forward_alexnet duration: 4.2708s 
pred[ 5 5 5 5 5 5 5 5 5 5 5 5 5 5 5 5 5 5 5 5 5 5 5 5 5 5 5 5 5 5 5 5 5 5 5 5 5 5 5 5 ]  label[ 2 9 2 9 7 0 7 3 3 1 2 5 7 3 9 4 5 8 1 9 6 5 2 4 7 9 8 0 8 0 6 3 9 0 2 2 0 6 1 0 ]
accuracy: 0.0750
cross entropy loss on batch data is 2.799288 
backward_alexnet duration: 1.4447s 
-----------------------------3---------------------------------
-----------------------------4---------------------------------
forward_alexnet duration: 4.1716s 
pred[ 5 5 5 5 5 5 5 5 5 5 5 5 4 5 5 5 5 5 5 5 5 5 5 5 5 5 5 5 5 5 5 5 5 5 5 5 5 5 5 5 ]  label[ 4 5 1 2 3 3 7 7 5 5 6 7 1 1 1 9 8 2 9 0 0 3 4 3 0 2 4 7 2 0 8 9 8 4 4 6 2 7 3 8 ]
accuracy: 0.0750
cross entropy loss on batch data is 2.708737 
backward_alexnet duration: 1.4195s 
-----------------------------4---------------------------------
-----------------------------5---------------------------------
forward_alexnet duration: 4.2086s 
pred[ 5 5 5 5 5 5 5 6 5 5 5 5 5 5 5 5 5 5 5 5 5 5 5 5 5 5 5 5 5 5 5 5 5 5 5 5 5 5 5 5 ]  label[ 3 4 3 1 9 7 7 6 7 1 3 6 8 0 5 4 5 7 4 7 1 0 9 7 0 4 8 9 6 1 3 7 5 5 5 2 4 1 9 6 ]
accuracy: 0.1500
cross entropy loss on batch data is 2.476901 
backward_alexnet duration: 1.3615s 
-----------------------------5---------------------------------
-----------------------------6---------------------------------
forward_alexnet duration: 4.1008s 
pred[ 5 6 5 5 4 5 5 5 5 5 5 5 5 5 5 5 4 5 5 5 5 5 5 5 5 4 5 6 5 5 5 5 5 6 5 5 5 5 5 5 ]  label[ 7 1 7 8 4 1 0 8 6 6 7 4 1 5 5 1 4 7 2 2 1 1 2 0 8 4 7 1 9 4 4 0 1 2 6 6 5 3 6 4 ]
accuracy: 0.1500
cross entropy loss on batch data is 2.541441 
backward_alexnet duration: 1.3824s 
-----------------------------6---------------------------------
-----------------------------7---------------------------------
forward_alexnet duration: 4.1800s 
pred[ 6 5 5 5 5 5 5 5 5 5 6 5 6 5 5 6 5 6 5 5 6 5 6 5 6 5 5 5 5 5 5 5 5 5 5 5 5 6 5 5 ]  label[ 8 5 7 5 6 0 0 7 8 9 0 6 2 0 5 3 5 1 7 3 8 4 5 8 3 9 9 4 7 0 1 1 5 8 9 2 4 0 1 8 ]
accuracy: 0.1250
cross entropy loss on batch data is 2.609980 
backward_alexnet duration: 1.3811s 
-----------------------------7---------------------------------
-----------------------------8---------------------------------
forward_alexnet duration: 4.1863s 
pred[ 4 5 5 6 5 5 6 6 5 5 6 5 5 5 5 5 6 6 5 5 5 5 5 5 5 5 6 5 6 6 5 6 5 6 5 5 5 6 5 5 ]  label[ 7 4 8 4 9 9 2 7 1 1 8 7 3 7 3 9 3 6 8 9 3 1 9 2 6 3 3 0 1 7 3 2 4 2 6 6 9 6 5 0 ]
accuracy: 0.0750
cross entropy loss on batch data is 2.593200 
backward_alexnet duration: 1.4173s 
-----------------------------8---------------------------------
-----------------------------9---------------------------------
forward_alexnet duration: 4.2005s 
pred[ 5 5 6 6 4 6 5 5 5 6 6 5 5 5 6 5 5 6 5 5 5 5 5 5 5 5 6 5 5 5 5 6 6 6 6 5 5 5 5 5 ]  label[ 0 2 6 4 0 1 5 8 6 0 2 0 8 2 6 3 2 9 5 2 6 1 1 3 4 2 4 1 8 8 5 7 9 4 8 9 3 5 6 2 ]
accuracy: 0.1500
cross entropy loss on batch data is 2.649962 
backward_alexnet duration: 1.3985s 
-----------------------------9---------------------------------
-----------------------------10---------------------------------
forward_alexnet duration: 4.2125s 
pred[ 6 6 5 5 5 6 6 6 6 6 5 5 6 6 5 5 6 6 6 6 5 5 6 6 6 6 6 6 5 5 5 5 5 5 6 5 6 5 6 4 ]  label[ 6 3 8 8 0 1 2 9 0 2 0 9 4 4 1 3 6 7 2 5 9 9 7 7 5 2 7 7 0 0 7 6 8 3 3 5 4 1 0 9 ]
accuracy: 0.0750
cross entropy loss on batch data is 2.650321 
backward_alexnet duration: 1.4269s 
-----------------------------10---------------------------------
>>>>>>>>>>>>>>>>>>>>>>>>>>> training end >>>>>>>>>>>>>>>>>>>>>>>>>>>>>>

total training duration: 64.2815s