bash-4.4$ ./alexnet train -batchsize 40 -epochs 10
batch size: 40 
epochs: 10 


>>>>>>>>>>>>>>>>>>>>>>>>>>> training begin >>>>>>>>>>>>>>>>>>>>>>>>>>>>>>
-----------------------------1---------------------------------
forward_alexnet duration: 1.6526s 
pred[ 5 5 5 5 5 5 5 5 5 5 5 5 4 5 5 5 5 5 5 5 5 5 5 5 5 5 5 5 5 5 5 5 5 5 5 5 5 5 5 5 ]  label[ 9 2 0 7 4 3 1 2 7 0 2 8 4 5 7 7 7 9 1 8 2 8 2 6 0 6 6 5 4 9 2 0 9 8 8 4 8 5 7 3 ]
accuracy: 0.1000
cross entropy loss on batch data is 2.538261 
backward_alexnet duration: 1.4885s 
-----------------------------1---------------------------------
-----------------------------2---------------------------------
forward_alexnet duration: 1.3641s 
pred[ 5 5 5 5 5 5 5 5 5 5 5 5 5 5 5 5 5 5 5 5 5 5 5 5 5 5 5 5 5 5 5 5 5 5 5 5 5 5 5 5 ]  label[ 6 3 4 0 2 4 3 6 6 1 1 7 2 9 1 6 4 9 1 5 1 1 5 4 0 1 2 3 3 6 6 7 1 6 5 4 9 0 0 5 ]
accuracy: 0.1000
cross entropy loss on batch data is 2.424190 
backward_alexnet duration: 1.3991s 
-----------------------------2---------------------------------
-----------------------------3---------------------------------
forward_alexnet duration: 1.3600s 
pred[ 5 5 5 5 5 5 5 5 5 5 5 5 5 5 5 5 5 5 5 5 5 5 5 5 5 5 5 5 5 5 5 5 5 5 5 5 5 5 5 5 ]  label[ 2 9 2 9 7 0 7 3 3 1 2 5 7 3 9 4 5 8 1 9 6 5 2 4 7 9 8 0 8 0 6 3 9 0 2 2 0 6 1 0 ]
accuracy: 0.0750
cross entropy loss on batch data is 2.593891 
backward_alexnet duration: 1.3916s 
-----------------------------3---------------------------------
-----------------------------4---------------------------------
forward_alexnet duration: 1.3732s 
pred[ 5 5 5 5 5 5 5 5 5 5 5 5 5 5 5 5 5 4 5 5 5 5 5 5 5 5 5 5 5 5 5 5 5 5 5 5 5 5 5 5 ]  label[ 4 5 1 2 3 3 7 7 5 5 6 7 1 1 1 9 8 2 9 0 0 3 4 3 0 2 4 7 2 0 8 9 8 4 4 6 2 7 3 8 ]
accuracy: 0.0750
cross entropy loss on batch data is 2.552836 
backward_alexnet duration: 1.3506s 
-----------------------------4---------------------------------
-----------------------------5---------------------------------
forward_alexnet duration: 1.3792s 
pred[ 5 5 5 4 5 5 5 5 5 5 5 5 5 5 5 5 5 5 5 5 5 5 5 5 5 5 5 5 5 5 5 5 5 5 5 5 5 5 5 5 ]  label[ 3 4 3 1 9 7 7 6 7 1 3 6 8 0 5 4 5 7 4 7 1 0 9 7 0 4 8 9 6 1 3 7 5 5 5 2 4 1 9 6 ]
accuracy: 0.1250
cross entropy loss on batch data is 2.368652 
backward_alexnet duration: 1.2744s 
-----------------------------5---------------------------------
-----------------------------6---------------------------------
forward_alexnet duration: 1.3533s 
pred[ 5 5 5 5 5 5 4 5 5 5 5 5 5 5 5 5 5 5 5 5 5 5 5 5 4 5 5 5 5 5 5 5 5 5 5 5 5 5 5 5 ]  label[ 7 1 7 8 4 1 0 8 6 6 7 4 1 5 5 1 4 7 2 2 1 1 2 0 8 4 7 1 9 4 4 0 1 2 6 6 5 3 6 4 ]
accuracy: 0.0750
cross entropy loss on batch data is 2.443449 
backward_alexnet duration: 1.3592s 
-----------------------------6---------------------------------
-----------------------------7---------------------------------
forward_alexnet duration: 1.3479s 
pred[ 5 5 5 5 5 5 5 5 5 5 5 5 5 5 5 5 5 5 5 5 5 5 5 5 5 5 5 5 5 5 5 5 5 5 5 4 5 5 5 5 ]  label[ 8 5 7 5 6 0 0 7 8 9 0 6 2 0 5 3 5 1 7 3 8 4 5 8 3 9 9 4 7 0 1 1 5 8 9 2 4 0 1 8 ]
accuracy: 0.1500
cross entropy loss on batch data is 2.443671 
backward_alexnet duration: 1.2825s 
-----------------------------7---------------------------------
-----------------------------8---------------------------------
forward_alexnet duration: 1.3699s 
pred[ 5 5 5 5 5 5 5 5 5 5 5 5 5 5 5 5 5 5 5 5 5 5 5 5 4 5 5 5 5 5 5 5 5 5 5 5 5 5 5 5 ]  label[ 7 4 8 4 9 9 2 7 1 1 8 7 3 7 3 9 3 6 8 9 3 1 9 2 6 3 3 0 1 7 3 2 4 2 6 6 9 6 5 0 ]
accuracy: 0.0250
cross entropy loss on batch data is 2.466797 
backward_alexnet duration: 1.2969s 
-----------------------------8---------------------------------
-----------------------------9---------------------------------
forward_alexnet duration: 1.3631s 
pred[ 5 4 5 5 5 5 4 5 5 5 5 5 5 5 5 5 5 5 5 5 5 5 5 5 5 5 5 5 5 5 5 5 5 5 5 5 5 5 5 5 ]  label[ 0 2 6 4 0 1 5 8 6 0 2 0 8 2 6 3 2 9 5 2 6 1 1 3 4 2 4 1 8 8 5 7 9 4 8 9 3 5 6 2 ]
accuracy: 0.0750
cross entropy loss on batch data is 2.496330 
backward_alexnet duration: 1.2757s 
-----------------------------9---------------------------------
-----------------------------10---------------------------------
forward_alexnet duration: 1.3829s 
pred[ 5 5 5 5 5 5 5 5 5 5 5 5 5 5 5 5 5 5 5 5 5 5 5 5 5 5 5 5 5 5 5 5 5 5 5 5 5 5 5 5 ]  label[ 6 3 8 8 0 1 2 9 0 2 0 9 4 4 1 3 6 7 2 5 9 9 7 7 5 2 7 7 0 0 7 6 8 3 3 5 4 1 0 9 ]
accuracy: 0.0750
cross entropy loss on batch data is 2.453208 
backward_alexnet duration: 1.3263s 
-----------------------------10---------------------------------
>>>>>>>>>>>>>>>>>>>>>>>>>>> training end >>>>>>>>>>>>>>>>>>>>>>>>>>>>>>

total training duration: 35.1380s

# max pooling (cuda + shared mem)